1100;11;0.07799254190048477
1200;12;0.016182268196269747
3100;31;0.0459961366045862
5000;50;0.030938590301943705
1301;13;0.009401992205511134
1302;13;0.014380466126967462
1303;13;0.01173461294204509
1304;13;0.006143229509112932
1305;13;0.004285710468854446
1306;13;0.009585306151168878
1307;13;0.012989797987210115
1308;13;0.002973744299054038
1309;13;0.0054607200193258956
1310;13;0.00899551363065317
1311;13;0.003960867920327581
1401;14;0.01148702544136312
1402;14;0.008550986688508658
1403;14;0.0028324776041412083
1404;14;0.003249879016861562
1405;14;0.0025458336857111467
1406;14;0.003253461141231458
1407;14;0.004385463778145739
1408;14;0.0034230321456386196
1409;14;0.004567832917836844
1410;14;0.0031338285747972974
1501;15;0.006531181742517329
1502;15;0.0031955620241086134
1503;15;0.005459333771978103
1504;15;0.0035729762873166543
1505;15;0.0037081337379247766
1522;15;0.0036524063457563233
1525;15;0.003936055881169373
1529;15;0.0052321493695816675
2101;21;0.016179357075434952
2102;21;0.005095752766095301
2103;21;0.0037636739749647525
2104;21;0.003637375005747152
2105;21;0.0029275324641188424
2106;21;0.0024086443354498937
2107;21;0.00499632265695354
2108;21;0.003275223256142561
2109;21;0.0029500583798535763
2110;21;0.0031601141517769347
2111;21;0.003779046906850112
2112;21;0.005909262890183704
2113;21;0.0026869419914300943
2114;21;0.00909294384675227
2201;22;0.011502189092408958
2202;22;0.003950038500479419
2203;22;0.005590406679450266
2204;22;0.0018977777447314566
2205;22;0.002349583381708335
2206;22;0.0019698577808384137
2207;22;0.0036419943091856558
2208;22;0.0031727700394083135
2224;22;0.002717012296265772
2301;23;0.01671116528488926
2302;23;0.004030161942636533
2303;23;0.0023699609942823877
2304;23;0.0025620265099475887
2305;23;0.0025748525000831206
2306;23;0.003597041498336162
2307;23;0.0017709961790226458
2308;23;0.005372908668027481
2309;23;0.002253405233600406
2310;23;0.0032243578588112025
2311;23;0.002309342449961984
2312;23;0.003572564980131868
2327;23;0.0011289235967318133
3201;32;0.013392082932300563
3202;32;0.007169194696504444
3203;32;0.0049650469180758106
3204;32;0.005300570221239428
3205;32;0.01294960876716418
3206;32;0.004430320628871855
3207;32;0.002444582778227962
3209;32;0.0037267590905514705
3210;32;0.003643244899516273
3211;32;0.004597969946931709
3212;32;0.0033975027567940204
3213;32;0.002970011257118448
3301;33;0.015641955293160106
3302;33;0.006045749725434516
3303;33;0.004391828325677564
3304;33;0.004997507544940842
3305;33;0.004521454993212713
3306;33;0.004634679111211589
3307;33;0.004714324774611798
3308;33;0.005733887104025929
3309;33;0.002985563692393032
3310;33;0.0034295310640925806
3311;33;0.0027364863422156007
3401;34;0.009227472716154525
3402;34;0.004448941451162626
3403;34;0.0035030412304645838
3404;34;0.003124880802049576
3405;34;0.0043343551077432985
3406;34;0.0030832790287038726
3407;34;0.002939813270787456
3408;34;0.0035433296657655243
3410;34;0.002069659513714296
3411;34;0.004761589077230537
3412;34;0.0034196144029601436
3413;34;0.00475415741246829
3415;34;0.003639453281105365
3416;34;0.002725724811634877
3417;34;0.002370590971524498
3418;34;0.0034750843355135764
3501;35;0.007096451226600618
3502;35;0.008037430885635
3503;35;0.002427408658700158
3504;35;0.0024568220014730665
3505;35;0.0032944836558275667
3506;35;0.005449070271084192
3507;35;0.002449382319055134
3508;35;0.002271442329365115
3509;35;0.0038790201627674345
3601;36;0.011989432608548236
3602;36;0.002741859592487495
3603;36;0.0029052032597095484
3604;36;0.007770044324357725
3605;36;0.002696469989356364
3606;36;0.0022938423148780077
3607;36;0.0027659178363558337
3608;36;0.0024027743299453344
3609;36;0.005151433396140576
3610;36;0.003378005700455107
3611;36;0.00643344385679746
3701;37;0.012676193891081293
3702;37;0.006954490334225953
3703;37;0.003836156878863317
3704;37;0.002923776470264567
3705;37;0.0033463303517177116
3706;37;0.004417655554174984
3707;37;0.0037054757274758523
3708;37;0.004430058685793891
3709;37;0.0037643974969015902
3710;37;0.003047239137511427
3711;37;0.0026121313786020006
3712;37;0.0
3713;37;0.003546391167053494
3714;37;0.009109636146927296
3715;37;0.005022065230089927
3716;37;0.004182756870017843
3717;37;0.0029763150749875403
4101;41;0.019358309997334032
4102;41;0.003726694660295452
4103;41;0.005493410645492359
4104;41;0.003115092350788437
4105;41;0.006491205396350949
4106;41;0.002818854922214948
4107;41;0.003726501622544427
4108;41;0.0028647048956300706
4109;41;0.0049320952489541586
4110;41;0.0035634100001327943
4111;41;0.002680945560951096
4112;41;0.003748606396617914
4113;41;0.005462276086384011
4114;41;0.003925151769952919
4115;41;0.002705826839108255
4116;41;0.003936221800064214
4117;41;0.0029310806812456827
4201;42;0.020902148972285435
4202;42;0.00322314629434712
4203;42;0.006440666819586181
4205;42;0.003667280533167438
4207;42;0.00305939153155126
4208;42;0.0025355822107488864
4209;42;0.004315467668304161
4210;42;0.004264082175074885
4211;42;0.008351125068694034
4212;42;0.0030720199645366125
4213;42;0.002350249867279088
4228;42;0.013113375498368978
4301;43;0.01261045654327893
4302;43;0.004326349385452581
4303;43;0.0035013044664623646
4304;43;0.003165838575969065
4305;43;0.0026744780722222907
4306;43;0.0038155191767448083
4307;43;0.0034883970344882
4308;43;0.002993988680097404
4309;43;0.003146959006245481
4310;43;0.0028772166764956713
4311;43;0.003272173228732117
4312;43;0.0028476405368171444
4313;43;0.002712324827384884
4331;43;0.005527314245306697
4401;44;0.018674310369437896
4402;44;0.0034339996266153105
4403;44;0.013316880644039478
4404;44;0.0037465007017564497
4405;44;0.004699569653813404
4406;44;0.008741969255493486
4407;44;0.003583000295517732
4408;44;0.0022434092438600606
4409;44;0.002144582388191193
4412;44;0.004508014731719916
4413;44;0.0063527701632977085
4414;44;0.0020741408164729885
4415;44;0.0020582713848756313
4416;44;0.003077995759228832
4417;44;0.0020157397900661908
4418;44;0.004333159327147331
4419;44;0.006100051062859568
4420;44;0.003925270601817483
4451;44;0.0021788340509055087
4452;44;0.0024405590244600374
4453;44;0.0028303580441373754
4501;45;0.0053897457041938695
4502;45;0.0022424031070717005
4503;45;0.004278291632055496
4504;45;0.0015668616915647004
4505;45;0.0021724502407504476
4506;45;0.0018486006932804731
4507;45;0.0024423288948769157
4508;45;0.001869658655814047
4509;45;0.002027670007113659
4601;46;0.002490258670530081
4602;46;0.004584558023606476
5101;51;0.04061038286214498
5103;51;0.003083594025423095
5104;51;0.0024341827602613864
5105;51;0.003463448436774878
5106;51;0.005362983203243065
5107;51;0.004698248781961892
5108;51;0.002985651119249942
5109;51;0.003490463563085741
5110;51;0.004039437563162661
5111;51;0.003834923613273473
5113;51;0.0038764194530491176
5114;51;0.004988551169005261
5115;51;0.002925824183617
5116;51;0.0035234868323113103
5117;51;0.0046885051976100715
5118;51;0.0030504105362547957
5119;51;0.0027288529371808016
5120;51;0.0043489871303912285
5132;51;0.007612433564424396
5133;51;0.0038206380957238463
5134;51;0.0032438785783488857
5201;52;0.006653082639040453
5202;52;0.0030602114264609123
5203;52;0.005951870651882875
5204;52;0.0030243702058351343
5301;53;0.014375914004352277
5303;53;0.0035399504025182727
5304;53;0.0028260567631302525
5323;53;0.0026444277301119687
5325;53;0.0032585780856957004
5326;53;0.002304589873574919
5328;53;0.002187187226759289
5329;53;0.003553933463044486
5331;53;0.001607514308879522
5333;53;0.001879842089492596
5334;53;0.002112303418690055
5401;54;0.0029106860543259925
5421;54;0.0
5422;54;0.0
5423;54;0.0
5424;54;0.0
5425;54;0.0006488064692143683
5426;54;0.0
6101;61;0.019388609178938317
6102;61;0.0022430057866767786
6103;61;0.0031716633484263233
6104;61;0.004588175208851084
6105;61;0.003919105779868443
6106;61;0.003066596790585431
6107;61;0.002290309669998117
6108;61;0.004457095379600442
6109;61;0.0031343745161731737
6201;62;0.013899256456253797
6202;62;0.0015607724370533312
6203;62;0.0015833208489196848
6204;62;0.005229049363897772
6205;62;0.002020377562464839
6229;62;0.003023787895540664
6230;62;0.005462646142980389
6301;63;0.006955338042706834
6321;63;0.0
6322;63;0.0022001844847972145
6323;63;0.001962932645396238
6325;63;0.0026921735044684878
6326;63;0.0023972901573985407
6327;63;0.0018448842350271347
6401;64;0.006561443008144757
6402;64;0.0029534914999033175
6403;64;0.003058825538793924
6501;65;0.019246250259325935
6502;65;0.0019296206579494553
6521;65;0.0
6522;65;0.0
6523;65;0.003350487418841267
6527;65;0.001466848857067704
6528;65;0.0023084342915061186
6529;65;0.002225424483689575
6530;65;0.002032782128052344
6531;65;0.003177446434918278
6532;65;0.001572247336027334
6540;65;0.0024627315557692224
6542;65;0.002069559728938459
6543;65;0.001428264639205301
